{
 "cells": [
  {
   "cell_type": "code",
   "execution_count": 2,
   "metadata": {},
   "outputs": [],
   "source": [
    "import pandas as pd\n",
    "import numpy as np"
   ]
  },
  {
   "cell_type": "code",
   "execution_count": 1,
   "metadata": {},
   "outputs": [],
   "source": [
    "# concat"
   ]
  },
  {
   "cell_type": "code",
   "execution_count": 6,
   "metadata": {},
   "outputs": [],
   "source": [
    "#准备数据\n",
    "df = pd.DataFrame(np.random.rand(10,4))"
   ]
  },
  {
   "cell_type": "code",
   "execution_count": 7,
   "metadata": {},
   "outputs": [
    {
     "data": {
      "text/html": [
       "<div>\n",
       "<style scoped>\n",
       "    .dataframe tbody tr th:only-of-type {\n",
       "        vertical-align: middle;\n",
       "    }\n",
       "\n",
       "    .dataframe tbody tr th {\n",
       "        vertical-align: top;\n",
       "    }\n",
       "\n",
       "    .dataframe thead th {\n",
       "        text-align: right;\n",
       "    }\n",
       "</style>\n",
       "<table border=\"1\" class=\"dataframe\">\n",
       "  <thead>\n",
       "    <tr style=\"text-align: right;\">\n",
       "      <th></th>\n",
       "      <th>0</th>\n",
       "      <th>1</th>\n",
       "      <th>2</th>\n",
       "      <th>3</th>\n",
       "    </tr>\n",
       "  </thead>\n",
       "  <tbody>\n",
       "    <tr>\n",
       "      <th>0</th>\n",
       "      <td>0.875900</td>\n",
       "      <td>0.201291</td>\n",
       "      <td>0.616760</td>\n",
       "      <td>0.072691</td>\n",
       "    </tr>\n",
       "    <tr>\n",
       "      <th>1</th>\n",
       "      <td>0.829562</td>\n",
       "      <td>0.156011</td>\n",
       "      <td>0.170586</td>\n",
       "      <td>0.269558</td>\n",
       "    </tr>\n",
       "    <tr>\n",
       "      <th>2</th>\n",
       "      <td>0.186909</td>\n",
       "      <td>0.182877</td>\n",
       "      <td>0.489161</td>\n",
       "      <td>0.855618</td>\n",
       "    </tr>\n",
       "    <tr>\n",
       "      <th>3</th>\n",
       "      <td>0.340514</td>\n",
       "      <td>0.283864</td>\n",
       "      <td>0.446949</td>\n",
       "      <td>0.653442</td>\n",
       "    </tr>\n",
       "    <tr>\n",
       "      <th>4</th>\n",
       "      <td>0.825648</td>\n",
       "      <td>0.183241</td>\n",
       "      <td>0.147938</td>\n",
       "      <td>0.784305</td>\n",
       "    </tr>\n",
       "    <tr>\n",
       "      <th>5</th>\n",
       "      <td>0.175193</td>\n",
       "      <td>0.731687</td>\n",
       "      <td>0.354039</td>\n",
       "      <td>0.549085</td>\n",
       "    </tr>\n",
       "    <tr>\n",
       "      <th>6</th>\n",
       "      <td>0.265729</td>\n",
       "      <td>0.260312</td>\n",
       "      <td>0.619815</td>\n",
       "      <td>0.644750</td>\n",
       "    </tr>\n",
       "    <tr>\n",
       "      <th>7</th>\n",
       "      <td>0.439368</td>\n",
       "      <td>0.379506</td>\n",
       "      <td>0.852816</td>\n",
       "      <td>0.235927</td>\n",
       "    </tr>\n",
       "    <tr>\n",
       "      <th>8</th>\n",
       "      <td>0.029083</td>\n",
       "      <td>0.925995</td>\n",
       "      <td>0.532138</td>\n",
       "      <td>0.579652</td>\n",
       "    </tr>\n",
       "    <tr>\n",
       "      <th>9</th>\n",
       "      <td>0.040015</td>\n",
       "      <td>0.661882</td>\n",
       "      <td>0.955513</td>\n",
       "      <td>0.489070</td>\n",
       "    </tr>\n",
       "  </tbody>\n",
       "</table>\n",
       "</div>"
      ],
      "text/plain": [
       "          0         1         2         3\n",
       "0  0.875900  0.201291  0.616760  0.072691\n",
       "1  0.829562  0.156011  0.170586  0.269558\n",
       "2  0.186909  0.182877  0.489161  0.855618\n",
       "3  0.340514  0.283864  0.446949  0.653442\n",
       "4  0.825648  0.183241  0.147938  0.784305\n",
       "5  0.175193  0.731687  0.354039  0.549085\n",
       "6  0.265729  0.260312  0.619815  0.644750\n",
       "7  0.439368  0.379506  0.852816  0.235927\n",
       "8  0.029083  0.925995  0.532138  0.579652\n",
       "9  0.040015  0.661882  0.955513  0.489070"
      ]
     },
     "execution_count": 7,
     "metadata": {},
     "output_type": "execute_result"
    }
   ],
   "source": [
    "df"
   ]
  },
  {
   "cell_type": "code",
   "execution_count": 13,
   "metadata": {},
   "outputs": [],
   "source": [
    "x = df[:2]\n",
    "y = df[3:5]\n",
    "z = df[7:]"
   ]
  },
  {
   "cell_type": "code",
   "execution_count": 16,
   "metadata": {},
   "outputs": [
    {
     "data": {
      "text/html": [
       "<div>\n",
       "<style scoped>\n",
       "    .dataframe tbody tr th:only-of-type {\n",
       "        vertical-align: middle;\n",
       "    }\n",
       "\n",
       "    .dataframe tbody tr th {\n",
       "        vertical-align: top;\n",
       "    }\n",
       "\n",
       "    .dataframe thead th {\n",
       "        text-align: right;\n",
       "    }\n",
       "</style>\n",
       "<table border=\"1\" class=\"dataframe\">\n",
       "  <thead>\n",
       "    <tr style=\"text-align: right;\">\n",
       "      <th></th>\n",
       "      <th>0</th>\n",
       "      <th>1</th>\n",
       "      <th>2</th>\n",
       "      <th>3</th>\n",
       "    </tr>\n",
       "  </thead>\n",
       "  <tbody>\n",
       "    <tr>\n",
       "      <th>0</th>\n",
       "      <td>0.875900</td>\n",
       "      <td>0.201291</td>\n",
       "      <td>0.616760</td>\n",
       "      <td>0.072691</td>\n",
       "    </tr>\n",
       "    <tr>\n",
       "      <th>1</th>\n",
       "      <td>0.829562</td>\n",
       "      <td>0.156011</td>\n",
       "      <td>0.170586</td>\n",
       "      <td>0.269558</td>\n",
       "    </tr>\n",
       "    <tr>\n",
       "      <th>3</th>\n",
       "      <td>0.340514</td>\n",
       "      <td>0.283864</td>\n",
       "      <td>0.446949</td>\n",
       "      <td>0.653442</td>\n",
       "    </tr>\n",
       "    <tr>\n",
       "      <th>4</th>\n",
       "      <td>0.825648</td>\n",
       "      <td>0.183241</td>\n",
       "      <td>0.147938</td>\n",
       "      <td>0.784305</td>\n",
       "    </tr>\n",
       "    <tr>\n",
       "      <th>7</th>\n",
       "      <td>0.439368</td>\n",
       "      <td>0.379506</td>\n",
       "      <td>0.852816</td>\n",
       "      <td>0.235927</td>\n",
       "    </tr>\n",
       "    <tr>\n",
       "      <th>8</th>\n",
       "      <td>0.029083</td>\n",
       "      <td>0.925995</td>\n",
       "      <td>0.532138</td>\n",
       "      <td>0.579652</td>\n",
       "    </tr>\n",
       "    <tr>\n",
       "      <th>9</th>\n",
       "      <td>0.040015</td>\n",
       "      <td>0.661882</td>\n",
       "      <td>0.955513</td>\n",
       "      <td>0.489070</td>\n",
       "    </tr>\n",
       "  </tbody>\n",
       "</table>\n",
       "</div>"
      ],
      "text/plain": [
       "          0         1         2         3\n",
       "0  0.875900  0.201291  0.616760  0.072691\n",
       "1  0.829562  0.156011  0.170586  0.269558\n",
       "3  0.340514  0.283864  0.446949  0.653442\n",
       "4  0.825648  0.183241  0.147938  0.784305\n",
       "7  0.439368  0.379506  0.852816  0.235927\n",
       "8  0.029083  0.925995  0.532138  0.579652\n",
       "9  0.040015  0.661882  0.955513  0.489070"
      ]
     },
     "execution_count": 16,
     "metadata": {},
     "output_type": "execute_result"
    }
   ],
   "source": [
    "pd.concat([x,y,z])"
   ]
  },
  {
   "cell_type": "code",
   "execution_count": 22,
   "metadata": {},
   "outputs": [],
   "source": [
    "x = df[[0,2]]\n",
    "y = df[[1,3]]"
   ]
  },
  {
   "cell_type": "code",
   "execution_count": 24,
   "metadata": {},
   "outputs": [
    {
     "data": {
      "text/html": [
       "<div>\n",
       "<style scoped>\n",
       "    .dataframe tbody tr th:only-of-type {\n",
       "        vertical-align: middle;\n",
       "    }\n",
       "\n",
       "    .dataframe tbody tr th {\n",
       "        vertical-align: top;\n",
       "    }\n",
       "\n",
       "    .dataframe thead th {\n",
       "        text-align: right;\n",
       "    }\n",
       "</style>\n",
       "<table border=\"1\" class=\"dataframe\">\n",
       "  <thead>\n",
       "    <tr style=\"text-align: right;\">\n",
       "      <th></th>\n",
       "      <th>0</th>\n",
       "      <th>2</th>\n",
       "      <th>1</th>\n",
       "      <th>3</th>\n",
       "    </tr>\n",
       "  </thead>\n",
       "  <tbody>\n",
       "    <tr>\n",
       "      <th>0</th>\n",
       "      <td>0.875900</td>\n",
       "      <td>0.616760</td>\n",
       "      <td>0.201291</td>\n",
       "      <td>0.072691</td>\n",
       "    </tr>\n",
       "    <tr>\n",
       "      <th>1</th>\n",
       "      <td>0.829562</td>\n",
       "      <td>0.170586</td>\n",
       "      <td>0.156011</td>\n",
       "      <td>0.269558</td>\n",
       "    </tr>\n",
       "    <tr>\n",
       "      <th>2</th>\n",
       "      <td>0.186909</td>\n",
       "      <td>0.489161</td>\n",
       "      <td>0.182877</td>\n",
       "      <td>0.855618</td>\n",
       "    </tr>\n",
       "    <tr>\n",
       "      <th>3</th>\n",
       "      <td>0.340514</td>\n",
       "      <td>0.446949</td>\n",
       "      <td>0.283864</td>\n",
       "      <td>0.653442</td>\n",
       "    </tr>\n",
       "    <tr>\n",
       "      <th>4</th>\n",
       "      <td>0.825648</td>\n",
       "      <td>0.147938</td>\n",
       "      <td>0.183241</td>\n",
       "      <td>0.784305</td>\n",
       "    </tr>\n",
       "    <tr>\n",
       "      <th>5</th>\n",
       "      <td>0.175193</td>\n",
       "      <td>0.354039</td>\n",
       "      <td>0.731687</td>\n",
       "      <td>0.549085</td>\n",
       "    </tr>\n",
       "    <tr>\n",
       "      <th>6</th>\n",
       "      <td>0.265729</td>\n",
       "      <td>0.619815</td>\n",
       "      <td>0.260312</td>\n",
       "      <td>0.644750</td>\n",
       "    </tr>\n",
       "    <tr>\n",
       "      <th>7</th>\n",
       "      <td>0.439368</td>\n",
       "      <td>0.852816</td>\n",
       "      <td>0.379506</td>\n",
       "      <td>0.235927</td>\n",
       "    </tr>\n",
       "    <tr>\n",
       "      <th>8</th>\n",
       "      <td>0.029083</td>\n",
       "      <td>0.532138</td>\n",
       "      <td>0.925995</td>\n",
       "      <td>0.579652</td>\n",
       "    </tr>\n",
       "    <tr>\n",
       "      <th>9</th>\n",
       "      <td>0.040015</td>\n",
       "      <td>0.955513</td>\n",
       "      <td>0.661882</td>\n",
       "      <td>0.489070</td>\n",
       "    </tr>\n",
       "  </tbody>\n",
       "</table>\n",
       "</div>"
      ],
      "text/plain": [
       "          0         2         1         3\n",
       "0  0.875900  0.616760  0.201291  0.072691\n",
       "1  0.829562  0.170586  0.156011  0.269558\n",
       "2  0.186909  0.489161  0.182877  0.855618\n",
       "3  0.340514  0.446949  0.283864  0.653442\n",
       "4  0.825648  0.147938  0.183241  0.784305\n",
       "5  0.175193  0.354039  0.731687  0.549085\n",
       "6  0.265729  0.619815  0.260312  0.644750\n",
       "7  0.439368  0.852816  0.379506  0.235927\n",
       "8  0.029083  0.532138  0.925995  0.579652\n",
       "9  0.040015  0.955513  0.661882  0.489070"
      ]
     },
     "execution_count": 24,
     "metadata": {},
     "output_type": "execute_result"
    }
   ],
   "source": [
    "pd.concat([x,y],axis=1)"
   ]
  },
  {
   "cell_type": "code",
   "execution_count": 36,
   "metadata": {},
   "outputs": [
    {
     "data": {
      "text/html": [
       "<div>\n",
       "<style scoped>\n",
       "    .dataframe tbody tr th:only-of-type {\n",
       "        vertical-align: middle;\n",
       "    }\n",
       "\n",
       "    .dataframe tbody tr th {\n",
       "        vertical-align: top;\n",
       "    }\n",
       "\n",
       "    .dataframe thead th {\n",
       "        text-align: right;\n",
       "    }\n",
       "</style>\n",
       "<table border=\"1\" class=\"dataframe\">\n",
       "  <thead>\n",
       "    <tr style=\"text-align: right;\">\n",
       "      <th></th>\n",
       "      <th>0</th>\n",
       "      <th>1</th>\n",
       "      <th>2</th>\n",
       "      <th>3</th>\n",
       "    </tr>\n",
       "  </thead>\n",
       "  <tbody>\n",
       "    <tr>\n",
       "      <th>0</th>\n",
       "      <td>0.875900</td>\n",
       "      <td>0.201291</td>\n",
       "      <td>0.616760</td>\n",
       "      <td>0.072691</td>\n",
       "    </tr>\n",
       "    <tr>\n",
       "      <th>1</th>\n",
       "      <td>0.829562</td>\n",
       "      <td>0.156011</td>\n",
       "      <td>0.170586</td>\n",
       "      <td>0.269558</td>\n",
       "    </tr>\n",
       "    <tr>\n",
       "      <th>2</th>\n",
       "      <td>0.186909</td>\n",
       "      <td>0.182877</td>\n",
       "      <td>0.489161</td>\n",
       "      <td>0.855618</td>\n",
       "    </tr>\n",
       "    <tr>\n",
       "      <th>3</th>\n",
       "      <td>0.340514</td>\n",
       "      <td>0.283864</td>\n",
       "      <td>0.446949</td>\n",
       "      <td>0.653442</td>\n",
       "    </tr>\n",
       "    <tr>\n",
       "      <th>4</th>\n",
       "      <td>0.825648</td>\n",
       "      <td>0.183241</td>\n",
       "      <td>0.147938</td>\n",
       "      <td>0.784305</td>\n",
       "    </tr>\n",
       "    <tr>\n",
       "      <th>5</th>\n",
       "      <td>0.175193</td>\n",
       "      <td>0.731687</td>\n",
       "      <td>0.354039</td>\n",
       "      <td>0.549085</td>\n",
       "    </tr>\n",
       "    <tr>\n",
       "      <th>6</th>\n",
       "      <td>0.265729</td>\n",
       "      <td>0.260312</td>\n",
       "      <td>0.619815</td>\n",
       "      <td>0.644750</td>\n",
       "    </tr>\n",
       "    <tr>\n",
       "      <th>7</th>\n",
       "      <td>0.439368</td>\n",
       "      <td>0.379506</td>\n",
       "      <td>0.852816</td>\n",
       "      <td>0.235927</td>\n",
       "    </tr>\n",
       "    <tr>\n",
       "      <th>8</th>\n",
       "      <td>0.029083</td>\n",
       "      <td>0.925995</td>\n",
       "      <td>0.532138</td>\n",
       "      <td>0.579652</td>\n",
       "    </tr>\n",
       "    <tr>\n",
       "      <th>9</th>\n",
       "      <td>0.040015</td>\n",
       "      <td>0.661882</td>\n",
       "      <td>0.955513</td>\n",
       "      <td>0.489070</td>\n",
       "    </tr>\n",
       "  </tbody>\n",
       "</table>\n",
       "</div>"
      ],
      "text/plain": [
       "          0         1         2         3\n",
       "0  0.875900  0.201291  0.616760  0.072691\n",
       "1  0.829562  0.156011  0.170586  0.269558\n",
       "2  0.186909  0.182877  0.489161  0.855618\n",
       "3  0.340514  0.283864  0.446949  0.653442\n",
       "4  0.825648  0.183241  0.147938  0.784305\n",
       "5  0.175193  0.731687  0.354039  0.549085\n",
       "6  0.265729  0.260312  0.619815  0.644750\n",
       "7  0.439368  0.379506  0.852816  0.235927\n",
       "8  0.029083  0.925995  0.532138  0.579652\n",
       "9  0.040015  0.661882  0.955513  0.489070"
      ]
     },
     "execution_count": 36,
     "metadata": {},
     "output_type": "execute_result"
    }
   ],
   "source": [
    "# merge\n",
    "pd.merge(df,y)"
   ]
  },
  {
   "cell_type": "code",
   "execution_count": 45,
   "metadata": {},
   "outputs": [],
   "source": [
    "# 准备数据\n",
    "df1 = pd.DataFrame({'name':['张三','李四','王五','赵六'],'group':['DBA','PM','PM','HR']})\n",
    "df2 = pd.DataFrame({'name1':['李四','赵六','张三','王五'],'date':[2004,2008,2012,2014]})"
   ]
  },
  {
   "cell_type": "code",
   "execution_count": 48,
   "metadata": {},
   "outputs": [],
   "source": [
    "data = df1.join(df2)"
   ]
  },
  {
   "cell_type": "code",
   "execution_count": null,
   "metadata": {},
   "outputs": [],
   "source": []
  },
  {
   "cell_type": "code",
   "execution_count": null,
   "metadata": {},
   "outputs": [],
   "source": []
  }
 ],
 "metadata": {
  "kernelspec": {
   "display_name": "Python 3",
   "language": "python",
   "name": "python3"
  },
  "language_info": {
   "codemirror_mode": {
    "name": "ipython",
    "version": 3
   },
   "file_extension": ".py",
   "mimetype": "text/x-python",
   "name": "python",
   "nbconvert_exporter": "python",
   "pygments_lexer": "ipython3",
   "version": "3.7.6"
  }
 },
 "nbformat": 4,
 "nbformat_minor": 4
}
